40,20,4
1,3,3,4,5,5,6,6,6,6,7,7,7,7,8,8,9,10,10,10
21,26,27,28
0,1,0.763
1,0,0.574
1,1,0.929
1,2,0.864
2,0,0.828
2,2,0.69
2,3,0.824
3,3,0.522
4,0,0.958
4,2,0.935
5,0,0.743
5,1,0.924
6,0,0.559
7,1,0.523
7,3,0.953
8,0,0.515
8,1,0.838
8,2,0.749
9,0,0.871
9,1,0.75
10,0,0.773
10,1,0.875
10,3,0.712
11,1,0.553
11,2,0.866
12,1,0.675
12,2,0.642
12,3,0.527
13,1,0.998
14,0,0.695
14,1,0.808
14,3,0.949
15,2,0.612
15,3,0.924
16,2,0.523
16,3,0.804
18,0,0.714
18,1,0.781
18,2,0.813
19,2,0.624
