40,20,4
1,2,2,2,2,2,4,4,4,5,5,5,5,8,8,8,8,10,10,10
21,23,25,26
0,2,0.594
1,1,0.501
1,2,0.979
2,3,0.765
3,0,0.561
3,1,0.585
3,2,0.761
4,0,0.54
4,2,0.795
5,1,0.774
5,2,0.649
5,3,0.793
6,2,0.719
7,0,0.97
7,2,0.506
7,3,0.711
8,0,0.698
8,1,0.701
9,0,0.553
9,2,0.803
10,0,0.812
10,1,0.995
11,0,0.973
11,1,0.625
12,1,0.964
13,1,0.572
13,3,0.79
14,1,0.637
14,3,0.54
15,0,0.553
15,1,0.537
15,2,0.605
16,0,0.636
16,2,0.903
17,2,0.685
17,3,0.811
18,1,0.721
18,2,0.765
18,3,0.831
19,2,0.506
