40,20,4
1,2,2,4,5,7,8,8,8,8,9,9,9,9,10,10,10,10,10,10
21,26,32,37
0,1,0.549
0,2,0.974
1,0,0.969
1,1,0.747
1,2,0.924
2,0,0.921
3,1,0.996
4,2,0.954
5,1,0.821
6,0,0.52
6,2,0.509
7,0,0.609
7,2,0.693
7,3,0.938
8,3,0.756
10,0,0.542
10,1,0.731
10,2,0.885
11,3,0.946
12,0,0.858
12,1,0.938
12,2,0.7
12,3,0.611
13,2,0.811
13,3,0.579
14,0,0.82
14,2,0.517
14,3,0.82
15,0,0.734
15,1,0.519
15,2,0.95
15,3,0.548
16,1,0.864
16,2,0.617
16,3,0.705
17,1,0.698
18,0,0.913
18,1,0.699
18,3,0.638
19,2,0.644
