40,20,4
1,2,2,2,2,2,2,3,3,4,4,5,6,7,8,9,9,9,10,10
20,20,22,24
1,0,0.579
1,1,0.961
1,2,0.52
1,3,0.865
3,0,0.786
5,0,0.732
5,1,0.666
5,2,0.724
5,3,0.675
6,0,0.826
6,2,0.569
7,1,0.918
8,0,0.851
8,1,0.894
8,2,0.555
9,2,0.853
9,3,0.807
10,0,0.668
10,3,0.907
11,0,0.907
11,1,0.909
11,2,0.938
12,0,0.8
12,1,0.852
12,3,0.612
13,0,0.982
13,1,0.503
13,3,0.721
14,1,0.905
14,2,0.637
15,0,0.801
15,3,0.622
16,1,0.9
16,3,0.803
17,1,0.822
17,3,0.662
18,1,0.664
18,2,0.991
19,0,0.714
19,3,0.928
