40,20,4
1,1,1,2,3,3,3,4,5,5,5,6,6,6,7,8,9,10,10,10
21,25,25,26
0,0,0.548
0,2,0.701
1,0,0.868
1,1,0.818
1,2,0.826
2,1,0.626
2,2,0.906
2,3,0.843
3,0,0.712
4,1,0.511
4,2,0.982
5,1,0.87
5,2,0.833
5,3,0.704
7,2,0.723
7,3,0.9
8,1,0.883
9,1,0.633
10,0,0.816
10,1,0.538
10,2,0.885
11,1,0.972
11,2,0.693
12,1,0.804
12,2,0.775
12,3,0.682
13,0,0.912
14,0,0.581
14,1,0.794
14,3,0.509
15,0,0.507
15,2,0.696
16,0,0.942
16,1,0.818
16,2,0.811
17,0,0.866
17,2,0.669
18,0,0.509
18,1,0.523
19,2,0.931
