40,20,4
1,1,1,2,2,3,3,4,4,5,5,6,6,7,7,7,8,9,10,10
22,22,23,25
0,2,0.961
0,3,0.543
1,0,0.756
1,1,0.664
1,3,0.93
2,0,0.56
2,1,0.548
2,3,0.734
3,1,0.683
3,2,0.615
3,3,0.648
4,1,0.648
4,2,0.562
4,3,0.966
5,1,0.864
5,2,0.889
6,2,0.872
6,3,0.897
8,2,0.715
9,0,0.958
10,1,0.557
10,2,0.54
11,0,0.722
11,2,0.618
12,3,0.931
13,1,0.638
13,2,0.584
13,3,0.516
14,1,0.921
14,2,0.818
14,3,0.716
15,0,0.546
15,1,0.864
15,2,0.503
16,0,0.72
16,1,0.636
16,3,0.766
17,3,0.838
18,2,0.87
18,3,0.618
