40,20,4
1,1,2,3,3,4,4,6,6,7,7,7,8,8,8,8,9,9,10,10
22,26,27,30
0,0,0.858
0,1,0.669
0,2,0.835
1,0,0.931
1,2,0.696
1,3,0.546
2,2,0.635
2,3,0.893
3,0,0.737
3,1,0.783
3,3,0.627
4,1,0.878
4,3,0.76
5,0,0.973
5,2,0.626
6,0,0.628
6,1,0.524
6,3,0.639
7,1,0.501
7,3,0.714
8,0,0.694
8,3,0.89
10,2,0.717
12,0,0.842
13,2,0.632
14,0,0.566
14,1,0.725
15,2,0.589
15,3,0.777
16,1,0.835
16,2,0.67
16,3,0.57
17,0,0.646
17,1,0.514
17,3,0.525
18,0,0.532
18,2,0.873
18,3,0.608
19,1,0.508
19,2,0.722
