40,20,4
1,1,2,2,2,2,2,3,5,6,6,6,7,7,8,8,8,9,9,10
20,21,22,22
0,1,0.974
0,2,0.942
1,1,0.622
2,3,0.772
3,0,0.674
3,1,0.514
5,0,0.563
5,1,0.801
5,2,0.941
5,3,0.842
6,0,0.597
7,0,0.993
8,1,0.549
8,3,0.622
9,0,0.572
9,1,0.748
9,3,0.9
10,1,0.689
10,2,0.745
11,0,0.652
11,1,0.883
12,1,0.566
12,2,0.835
13,0,0.94
13,3,0.61
14,1,0.926
14,2,0.951
15,0,0.562
15,1,0.588
15,2,0.502
15,3,0.836
16,1,0.57
17,0,0.68
17,1,0.844
17,2,0.579
17,3,0.718
18,0,0.914
18,1,0.738
18,2,0.638
18,3,0.751
