40,20,4
1,2,2,2,2,3,4,5,6,6,6,6,7,7,7,7,9,10,10,10
20,21,25,26
0,0,0.928
1,0,0.524
1,1,0.697
1,3,0.726
2,0,0.616
2,2,0.667
3,3,0.988
4,0,0.573
4,1,0.629
4,3,0.646
5,0,0.567
5,2,0.985
5,3,0.774
6,1,0.5
6,3,0.941
7,0,0.734
7,2,0.975
8,0,0.528
8,1,0.729
9,0,0.741
9,1,0.678
9,2,0.677
9,3,0.901
10,2,0.948
10,3,0.981
11,0,0.874
11,1,0.517
12,0,0.763
13,0,0.687
13,1,0.732
13,3,0.724
14,1,0.919
14,2,0.539
15,0,0.502
15,2,0.857
16,2,0.791
17,3,0.951
18,2,0.911
18,3,0.738
19,3,0.825
