40,20,4
1,1,1,1,2,2,3,3,4,4,4,5,6,6,8,9,9,10,10,10
20,22,22,23
0,0,0.525
0,3,0.547
1,0,0.803
1,3,0.838
2,0,0.721
2,3,0.59
3,0,0.971
3,1,0.82
3,2,0.593
3,3,0.714
4,0,0.992
4,1,0.786
5,2,0.865
5,3,0.765
6,0,0.585
6,1,0.501
6,2,0.525
6,3,0.794
7,0,0.686
8,1,0.648
8,3,0.725
9,1,0.823
9,3,0.556
10,1,0.627
10,2,0.896
11,2,0.578
12,0,0.819
12,1,0.587
13,0,0.894
13,2,0.575
14,2,0.868
16,0,0.718
16,1,0.771
16,2,0.921
16,3,0.655
18,0,0.601
18,2,0.564
18,3,0.791
19,0,0.844
19,2,0.909
