62,25,5
2,2,3,3,3,4,4,4,5,5,5,5,6,7,7,7,7,7,8,9,9,9,10,10,10
20,20,22,22,27
0,0,0.901
0,1,0.858
0,3,0.585
1,0,0.714
2,1,0.844
2,4,0.818
3,0,0.678
3,1,0.615
3,3,0.796
3,4,0.914
4,0,0.532
4,2,0.744
5,0,0.501
5,1,0.789
5,3,0.646
5,4,0.92
6,0,0.892
6,1,0.682
6,2,0.825
6,3,0.838
7,2,0.667
7,3,0.778
7,4,0.622
8,1,0.706
8,3,0.635
9,0,0.849
10,1,0.949
10,2,0.689
11,0,0.564
11,1,0.931
11,2,0.853
12,4,0.858
13,0,0.602
13,1,0.728
14,1,0.882
14,2,0.534
14,3,0.78
15,2,0.815
16,0,0.684
16,1,0.669
16,3,0.989
16,4,0.885
18,0,0.621
18,2,0.688
19,1,0.966
19,2,0.794
20,0,0.944
21,0,0.663
21,1,0.79
21,2,0.927
21,3,0.556
21,4,0.792
22,1,0.984
22,2,0.88
22,4,0.927
23,1,0.669
23,2,0.649
23,3,0.834
24,0,0.597
24,2,0.877
24,3,0.519
24,4,0.882
