62,25,5
1,1,1,2,2,2,2,3,3,3,3,4,5,5,5,5,5,5,7,7,7,7,9,9,10
20,21,21,21,22
0,3,0.905
0,4,0.534
1,0,0.677
1,1,0.85
1,2,0.926
1,3,0.704
1,4,0.577
2,0,0.596
2,2,0.767
2,3,0.865
3,0,0.86
3,2,0.847
3,4,0.897
4,0,0.825
4,1,0.929
4,2,0.852
4,3,0.6
5,1,0.53
5,2,0.84
5,4,0.736
6,4,0.857
7,0,0.601
7,2,0.966
8,0,0.844
8,1,0.554
8,3,0.719
9,0,0.712
9,2,0.669
9,4,0.624
11,0,0.915
11,1,0.713
11,3,0.768
11,4,0.604
12,0,0.643
12,1,0.843
13,0,0.765
13,1,0.67
14,0,0.889
14,1,0.698
14,2,0.565
14,4,0.936
15,1,0.893
16,0,0.62
17,1,0.939
17,2,0.845
19,0,0.818
19,1,0.859
20,0,0.686
20,3,0.68
21,0,0.536
21,1,0.825
21,2,0.788
21,3,0.994
21,4,0.931
22,0,0.657
22,1,0.599
22,2,0.745
23,3,0.618
24,1,0.919
24,2,0.747
24,3,0.585
24,4,0.653
