62,25,5
1,1,3,4,4,5,5,5,6,6,6,6,7,7,7,7,7,7,8,8,9,9,10,10,10
24,27,27,27,28
0,0,0.696
0,2,0.637
0,3,0.63
2,0,0.513
2,1,0.516
2,3,0.882
2,4,0.865
3,1,0.762
3,3,0.562
3,4,0.766
4,0,0.615
4,1,0.685
4,2,0.613
5,2,0.974
5,3,0.664
6,0,0.818
6,2,0.674
7,0,0.869
7,1,0.975
7,2,0.613
7,4,0.664
8,2,0.511
8,3,0.845
9,0,0.746
9,3,0.777
10,0,0.597
10,1,0.606
10,3,0.899
11,0,0.67
11,1,0.514
11,2,0.733
11,3,0.904
11,4,0.58
12,3,0.979
12,4,0.846
13,0,0.831
13,2,0.909
13,3,0.562
13,4,0.99
14,1,0.557
14,4,0.826
15,0,0.611
15,3,0.601
15,4,0.856
16,2,0.731
17,2,0.899
17,3,0.811
18,0,0.802
19,1,0.856
19,2,0.591
20,1,0.971
20,4,0.956
21,2,0.61
21,4,0.683
22,2,0.849
22,3,0.772
23,1,0.826
23,2,0.85
23,3,0.654
24,0,0.758
24,2,0.846
24,4,0.967
