62,25,5
2,2,2,2,2,2,2,3,3,3,5,5,5,6,6,6,6,7,7,8,8,9,9,9,10
20,21,21,22,25
0,1,0.813
0,4,0.762
1,0,0.855
1,2,0.726
1,3,0.781
2,1,0.956
4,0,0.766
4,2,0.527
4,3,0.804
5,1,0.899
5,2,0.978
5,4,0.747
6,0,0.614
6,1,0.625
6,3,0.826
6,4,0.997
7,0,0.885
7,1,0.777
7,4,0.758
8,0,0.664
8,1,0.53
8,2,0.85
8,4,0.781
9,0,0.532
9,3,0.572
9,4,0.925
10,1,0.54
10,3,0.525
11,0,0.748
11,1,0.789
12,1,0.928
13,0,0.574
13,2,0.588
13,3,0.836
13,4,0.513
14,0,0.876
14,1,0.913
14,3,0.979
15,2,0.68
15,3,0.52
16,0,0.953
16,1,0.844
16,3,0.726
17,0,0.947
17,1,0.764
17,2,0.528
18,0,0.799
18,2,0.657
18,3,0.705
19,1,0.672
19,3,0.936
19,4,0.509
20,0,0.717
20,1,0.989
20,2,0.971
20,4,0.51
21,2,0.901
21,3,0.775
22,3,0.55
22,4,0.899
23,1,0.898
24,4,0.974
