62,25,5
1,1,2,3,4,4,4,5,5,6,6,6,6,7,7,7,8,8,8,9,9,9,10,10,10
21,22,24,30,31
0,2,0.88
0,3,0.661
0,4,0.517
1,0,0.999
1,3,0.695
2,0,0.989
3,0,0.753
3,2,0.754
3,3,0.6
3,4,0.914
4,1,0.538
4,2,0.981
5,1,0.974
5,2,0.674
5,4,0.656
6,2,0.617
7,4,0.832
8,0,0.521
8,2,0.58
9,0,0.64
9,2,0.737
10,3,0.579
11,0,0.75
11,1,0.912
12,1,0.761
12,2,0.687
12,4,0.832
13,0,0.753
13,1,0.815
13,2,0.895
13,3,0.585
13,4,0.506
14,2,0.518
14,3,0.628
14,4,0.909
15,0,0.896
15,1,0.869
15,2,0.94
15,3,0.594
15,4,0.612
16,1,0.845
16,2,0.826
16,3,0.624
17,0,0.702
17,1,0.973
17,3,0.981
17,4,0.972
18,0,0.7
18,2,0.517
18,3,0.646
19,1,0.615
19,2,0.619
19,4,0.929
21,2,0.843
21,4,0.995
22,3,0.948
22,4,0.884
23,4,0.709
24,0,0.899
24,1,0.618
24,3,0.971
24,4,0.704
