62,25,5
2,3,3,3,3,3,4,5,6,6,7,7,7,8,8,8,8,9,9,9,9,10,10,10,10
22,24,28,29,29
0,0,0.602
0,1,0.759
0,3,0.651
1,0,0.505
1,1,0.995
2,3,0.961
2,4,0.701
3,4,0.872
4,0,0.962
4,2,0.629
4,4,0.634
5,1,0.627
5,3,0.687
5,4,0.928
6,0,0.608
6,3,0.867
7,2,0.581
7,3,0.534
8,1,0.884
8,3,0.595
8,4,0.791
9,0,0.516
9,3,0.718
10,2,0.903
10,4,0.59
11,1,0.611
11,3,0.895
12,0,0.925
12,1,0.615
12,3,0.679
13,0,0.707
14,0,0.634
14,2,0.784
14,4,0.696
15,2,0.684
16,4,0.963
17,0,0.702
17,1,0.596
17,3,0.823
18,0,0.939
18,2,0.695
18,4,0.559
19,0,0.758
19,2,0.901
19,3,0.826
19,4,0.782
20,1,0.93
20,2,0.609
20,4,0.812
21,1,0.595
21,2,0.76
21,3,0.952
21,4,0.71
22,0,0.615
22,4,0.777
23,1,0.721
23,2,0.512
23,3,0.888
24,0,0.865
24,2,0.546
24,3,0.934
24,4,0.586
