62,25,5
1,1,1,2,2,3,3,3,4,4,5,5,5,6,7,7,7,8,8,8,9,9,9,10,10
21,21,22,24,24
0,1,0.776
0,2,0.536
0,4,0.653
2,0,0.758
2,1,0.99
2,2,0.807
3,0,0.942
3,1,0.769
4,0,0.767
4,1,0.905
4,2,0.795
4,4,0.801
5,0,0.629
5,3,0.768
6,0,0.831
6,1,0.603
7,2,0.625
7,3,0.575
8,2,0.602
8,3,0.759
8,4,0.585
9,0,0.683
9,1,0.571
9,3,0.956
9,4,0.684
10,0,0.733
10,1,0.543
10,2,0.788
11,1,0.641
11,2,0.572
11,3,0.766
12,3,0.569
13,1,0.869
13,2,0.684
13,3,0.957
13,4,0.578
14,2,0.627
14,4,0.806
15,1,0.749
15,3,0.61
15,4,0.692
16,2,0.88
16,3,0.725
16,4,0.584
17,0,0.773
17,2,0.877
17,3,0.843
17,4,0.89
18,0,0.706
18,2,0.931
19,0,0.687
20,2,0.893
20,4,0.785
21,2,0.834
22,1,0.944
22,2,0.826
22,4,0.966
23,1,0.883
23,2,0.77
24,0,0.992
24,2,0.79
24,3,0.529
