62,25,5
1,2,3,3,3,3,3,3,4,5,5,5,6,6,6,6,7,7,8,8,8,9,9,9,9
18,19,21,22,22
0,0,0.8
0,1,0.928
0,2,0.502
0,4,0.679
1,0,0.836
1,3,0.79
2,3,0.56
3,1,0.741
3,4,0.804
4,3,0.706
4,4,0.521
5,0,0.82
5,1,0.667
5,2,0.568
6,2,0.858
6,3,0.634
7,2,0.774
7,4,0.527
8,1,0.621
8,2,0.598
8,4,0.834
9,0,0.918
9,1,0.557
9,4,0.904
10,0,0.861
10,1,0.51
10,2,0.736
11,0,0.981
11,1,0.547
12,2,0.707
12,4,0.73
13,3,0.661
14,0,0.518
14,1,0.802
14,2,0.752
14,4,0.56
15,1,0.815
15,2,0.841
15,3,0.96
16,2,0.758
16,4,0.881
17,3,0.539
18,0,0.797
18,1,0.663
18,3,0.999
19,0,0.765
19,1,0.545
19,2,0.776
19,3,0.919
19,4,0.511
20,0,0.618
20,2,0.612
20,3,0.667
20,4,0.857
21,1,0.698
21,2,0.943
21,4,0.601
22,0,0.594
22,2,0.638
23,3,0.523
23,4,0.542
24,1,0.947
