62,25,5
1,1,1,1,3,3,3,4,4,5,5,6,6,6,7,8,8,9,9,9,10,10,10,10,10
21,24,24,26,28
0,1,0.873
0,3,0.825
1,0,0.99
1,3,0.991
3,2,0.751
4,3,0.781
4,4,0.967
5,1,0.567
5,2,0.781
5,4,0.657
6,1,0.657
6,2,0.57
7,2,0.756
7,4,0.584
8,1,0.788
8,2,0.648
8,3,0.626
9,0,0.843
9,3,0.84
10,0,0.905
10,2,0.752
10,3,0.802
10,4,0.531
11,2,0.696
11,3,0.695
11,4,0.765
12,0,0.658
12,1,0.537
12,2,0.569
12,3,0.997
12,4,0.89
13,0,0.917
13,1,0.744
13,3,0.57
13,4,0.816
14,0,0.827
14,1,0.701
14,2,0.879
14,4,0.676
17,0,0.742
17,1,0.602
17,3,0.895
18,1,0.593
18,2,0.632
19,1,0.539
19,2,0.801
19,3,0.969
20,3,0.598
20,4,0.733
21,1,0.807
21,3,0.621
22,0,0.802
22,1,0.62
22,2,0.961
22,3,0.68
23,1,0.917
23,2,0.84
23,3,0.65
23,4,0.939
24,0,0.883
24,2,0.694
24,3,0.84
