62,25,5
1,2,2,3,4,4,5,5,5,5,6,6,7,7,7,7,7,8,8,8,9,9,9,10,10
20,22,28,28,29
0,0,0.584
0,1,0.894
0,4,0.669
1,3,0.584
2,2,0.982
3,0,0.802
3,1,0.713
3,2,0.548
3,3,0.946
3,4,0.898
4,1,0.687
5,0,0.62
5,2,0.846
6,1,0.99
6,3,0.678
6,4,0.827
7,0,0.91
7,1,0.644
7,3,0.67
8,1,0.85
8,3,0.524
9,0,0.625
9,1,0.886
9,2,0.897
9,3,0.545
9,4,0.782
10,0,0.539
10,2,0.612
11,0,0.628
11,1,0.679
11,2,0.896
12,3,0.851
13,0,0.898
13,1,0.786
14,0,0.825
14,1,0.638
14,2,0.861
14,3,0.634
14,4,0.51
15,0,0.97
15,1,0.736
16,4,0.958
18,0,0.984
19,1,0.888
19,2,0.531
19,3,0.886
20,0,0.938
20,1,0.512
20,2,0.809
20,4,0.83
21,0,0.861
21,1,0.718
21,2,0.514
21,4,0.688
22,2,0.684
23,0,0.865
23,3,0.984
23,4,0.587
24,0,0.823
24,2,0.928
24,3,0.759
24,4,0.696
