100,25,8
1,1,2,2,3,4,5,5,5,6,6,6,6,7,7,8,9,9,9,9,10,10,10,10,10
20,20,20,20,20,20,20,20
0,1,0.832
0,3,0.911
0,6,0.755
1,3,0.622
1,7,0.921
2,1,0.858
2,4,0.688
2,7,0.501
3,3,0.994
3,5,0.767
4,3,0.564
4,4,0.632
4,5,0.959
4,6,0.744
5,0,0.597
5,1,0.999
5,6,0.72
6,0,0.841
6,2,0.545
6,3,0.95
6,4,0.589
6,5,0.98
6,7,0.57
7,0,0.95
7,1,0.593
7,5,0.596
7,6,0.833
8,3,0.956
8,5,0.969
8,7,0.815
9,1,0.764
9,2,0.56
9,3,0.997
9,4,0.919
9,6,0.586
9,7,0.971
10,0,0.881
10,1,0.992
10,2,0.609
10,3,0.983
10,4,0.628
10,5,0.713
10,6,0.72
11,0,0.93
11,2,0.888
11,4,0.994
11,5,0.967
11,6,0.835
11,7,0.756
12,0,0.983
12,2,0.646
12,3,0.644
12,5,0.599
13,0,0.927
13,3,0.674
13,4,0.795
13,5,0.721
13,7,0.706
14,2,0.519
14,7,0.773
15,1,0.844
15,5,0.516
15,6,0.948
16,2,0.517
16,5,0.638
16,6,0.551
17,3,0.721
17,6,0.561
18,0,0.989
18,1,0.554
18,2,0.672
18,5,0.698
18,7,0.817
19,2,0.604
19,5,0.749
19,7,0.703
20,0,0.593
20,2,0.877
20,3,0.509
20,4,0.894
20,5,0.657
20,7,0.943
21,1,0.896
21,5,0.602
21,6,0.551
21,7,0.51
22,0,0.895
22,1,0.535
22,3,0.83
22,5,0.635
23,0,0.695
23,2,0.936
23,3,0.649
23,4,0.74
23,5,0.936
23,7,0.576
24,0,0.884
24,1,0.949
24,2,0.698
24,7,0.802
