100,25,8
1,1,2,2,3,5,5,5,5,6,6,7,7,7,8,8,8,8,9,9,9,9,10,10,10
20,20,20,20,20,20,20,20
0,0,0.758
0,1,0.782
0,6,0.944
1,0,0.606
1,1,0.922
1,2,0.809
1,3,0.864
1,4,0.717
1,5,0.852
1,6,0.631
2,2,0.533
2,3,0.889
2,5,0.874
2,6,0.676
3,0,0.976
3,2,0.604
3,3,0.874
3,5,0.723
4,1,0.604
4,2,0.503
4,6,0.526
5,1,0.636
5,4,0.671
5,5,0.917
6,0,0.894
6,3,0.765
6,4,0.568
6,6,0.974
6,7,0.536
7,1,0.503
7,2,0.719
7,4,0.773
8,0,0.805
8,2,0.77
8,4,0.907
8,5,0.695
8,6,0.521
8,7,0.909
9,0,0.877
9,4,0.522
9,5,0.999
9,6,0.655
10,2,0.83
10,3,0.548
10,5,0.738
11,2,0.889
11,3,0.753
11,4,0.791
11,6,0.766
11,7,0.705
12,3,0.529
12,5,0.705
12,6,0.999
12,7,0.933
13,4,0.762
13,5,0.755
14,1,0.994
14,2,0.698
14,3,0.652
14,4,0.732
14,5,0.592
15,1,0.608
15,3,0.633
16,3,0.773
16,5,0.531
17,1,0.844
17,2,0.823
17,3,0.796
17,6,0.525
17,7,0.915
18,0,0.861
18,4,0.77
18,6,0.875
18,7,0.97
19,0,0.541
19,1,0.631
19,4,0.817
19,6,0.646
20,3,0.521
20,4,0.764
20,5,0.7
20,6,0.689
20,7,0.855
21,1,0.877
21,2,0.648
21,4,0.814
21,5,0.85
22,0,0.614
22,3,0.644
22,4,0.738
23,0,0.991
23,1,0.96
23,2,0.621
23,3,0.994
23,4,0.947
24,1,0.783
24,2,0.832
24,4,0.97
24,5,0.891
24,7,0.747
