100,25,8
1,3,3,3,3,4,5,5,6,6,6,7,7,7,7,7,8,8,8,8,9,10,10,10,10
20,20,20,20,20,20,20,20
0,3,0.697
1,4,0.936
1,5,0.845
1,6,0.583
1,7,0.699
2,0,0.989
2,1,0.775
2,2,0.804
2,4,0.858
3,0,0.508
3,1,0.973
3,2,0.584
3,3,0.641
3,4,0.728
3,5,0.891
3,6,0.815
3,7,0.805
4,0,0.571
4,2,0.945
4,5,0.53
4,6,0.507
4,7,0.549
5,1,0.826
5,3,0.775
5,4,0.814
5,5,0.596
6,6,0.549
7,3,0.706
7,7,0.878
8,1,0.674
8,2,0.975
8,3,0.847
8,5,0.851
8,7,0.857
9,0,0.565
9,1,0.862
9,2,0.825
9,3,0.678
9,4,0.784
9,6,0.589
10,2,0.544
10,5,0.862
10,6,0.758
10,7,0.749
11,2,0.555
12,0,0.806
12,1,0.88
12,2,0.668
12,5,0.935
12,6,0.773
12,7,0.509
13,3,0.857
13,4,0.65
13,6,0.558
14,2,0.728
14,4,0.945
14,5,0.684
15,0,0.754
15,1,0.878
15,2,0.913
15,5,0.974
15,7,0.592
16,1,0.725
16,2,0.802
16,3,0.888
16,5,0.655
16,7,0.691
17,0,0.782
17,5,0.894
17,7,0.965
18,0,0.64
18,3,0.684
18,4,0.759
18,5,0.763
18,7,0.641
19,0,0.576
19,3,0.789
19,5,0.982
19,6,0.591
19,7,0.632
20,2,0.5
20,3,0.824
20,4,0.673
20,5,0.763
20,6,0.853
20,7,0.573
21,3,0.666
21,4,0.739
22,2,0.512
22,5,0.86
23,0,0.911
23,2,0.908
23,3,0.665
23,5,0.828
23,7,0.696
24,1,0.939
24,3,0.819
24,4,0.76
24,5,0.951
24,6,0.983
