100,25,8
1,1,1,4,4,4,5,5,6,6,7,7,7,8,8,9,9,9,9,9,9,10,10,10,10
20,20,21,21,21,21,21,21
0,0,0.949
0,3,0.844
0,5,0.506
0,7,0.947
1,2,0.667
1,3,0.702
1,5,0.824
1,6,0.969
2,0,0.918
2,1,0.549
2,2,0.998
2,5,0.711
3,2,0.975
3,4,0.926
3,5,0.865
3,6,0.635
3,7,0.677
4,0,0.781
4,2,0.53
4,3,0.861
4,4,0.656
4,5,0.756
4,7,0.98
5,0,0.517
5,1,0.93
5,3,0.979
5,4,0.787
5,6,0.804
6,1,0.56
6,2,0.622
6,4,0.783
6,6,0.963
6,7,0.917
7,0,0.782
7,3,0.863
7,6,0.687
7,7,0.648
8,1,0.866
8,3,0.542
8,4,0.956
8,5,0.627
8,7,0.548
9,1,0.643
9,2,0.654
9,4,0.571
9,5,0.919
9,6,0.607
9,7,0.849
10,2,0.759
10,3,0.699
10,4,0.907
10,5,0.964
10,6,0.76
11,0,0.843
11,2,0.701
11,3,0.964
11,4,0.716
12,0,0.896
12,2,0.986
12,3,0.809
12,4,0.711
13,3,0.529
13,4,0.53
14,2,0.91
14,4,0.641
14,5,0.618
14,6,0.801
15,0,0.538
15,2,0.558
15,5,0.883
16,0,0.616
16,1,0.994
16,3,0.547
16,4,0.909
16,6,0.792
16,7,0.859
17,1,0.976
17,3,0.71
17,4,0.992
17,6,0.67
18,1,0.532
18,4,0.654
18,7,0.903
19,0,0.509
19,2,0.531
19,4,0.701
20,0,0.782
20,2,0.608
21,1,0.838
21,2,0.908
21,3,0.54
21,4,0.94
21,5,0.948
21,7,0.989
23,3,0.991
23,5,0.949
24,1,0.551
24,3,0.714
24,4,0.689
24,5,0.731
