100,25,8
2,3,3,4,4,4,4,5,5,5,6,7,7,7,8,8,8,9,9,9,9,9,10,10,10
20,20,20,20,20,20,20,20
0,4,0.994
0,5,0.929
0,7,0.785
1,1,0.749
1,3,0.568
1,5,0.889
1,6,0.611
2,0,0.5
2,1,0.879
2,4,0.966
2,7,0.884
3,0,0.856
3,3,0.828
3,5,0.729
3,6,0.83
4,1,0.947
4,2,0.86
4,5,0.714
5,0,0.647
5,1,0.784
6,0,0.592
6,1,0.771
6,2,0.563
6,4,0.986
6,7,0.56
7,0,0.795
7,4,0.648
8,0,0.998
8,2,0.945
8,3,0.949
8,4,0.952
8,7,0.75
9,0,0.703
9,3,0.972
9,4,0.893
9,6,0.643
10,0,0.8
10,2,0.575
10,4,0.78
11,0,0.797
11,2,0.723
11,4,0.824
11,5,0.813
11,7,0.986
12,3,0.986
12,4,0.759
12,5,0.89
12,6,0.686
13,0,0.92
13,2,0.784
13,5,0.847
13,7,0.801
14,0,0.7
14,2,0.734
14,3,0.894
14,7,0.702
15,1,0.727
15,6,0.774
16,2,0.796
16,3,0.921
16,5,0.831
16,7,0.871
17,6,0.527
18,1,0.574
18,3,0.542
18,4,0.89
18,6,0.614
18,7,0.838
19,0,0.696
19,1,0.583
19,3,0.859
19,5,0.58
19,6,0.506
19,7,0.576
20,0,0.89
20,1,0.801
20,2,0.726
20,4,0.992
20,6,0.917
21,0,0.721
21,1,0.882
21,3,0.841
21,4,0.886
21,6,0.566
21,7,0.937
22,0,0.618
22,1,0.503
22,2,0.822
22,3,0.923
22,4,0.528
23,0,0.518
23,3,0.93
23,4,0.519
23,7,0.632
24,0,0.897
24,2,0.576
24,3,0.792
24,4,0.507
24,5,0.754
24,7,0.822
