100,25,8
2,3,3,3,3,4,4,4,6,6,6,7,7,8,8,8,8,8,8,8,9,9,9,9,10
20,20,20,20,20,20,20,20
0,2,0.565
0,3,0.612
0,6,0.849
0,7,0.648
1,2,0.65
1,3,0.823
1,6,0.647
1,7,0.845
2,1,0.791
2,2,0.861
2,4,0.594
2,6,0.959
3,1,0.65
3,2,0.532
3,3,0.776
3,4,0.691
4,1,0.768
4,2,0.797
4,3,0.572
4,5,0.558
4,6,0.862
5,1,0.678
5,5,0.816
5,7,0.928
6,0,0.737
6,1,0.69
6,3,0.783
6,5,0.949
6,6,0.82
7,0,0.503
7,2,0.774
7,4,0.984
7,6,0.753
7,7,0.966
8,2,0.938
8,4,0.86
8,5,0.993
8,6,0.795
9,0,0.812
9,3,0.816
9,4,0.848
9,7,0.757
10,0,0.938
10,2,0.715
10,3,0.847
10,4,0.796
10,6,0.764
10,7,0.941
11,1,0.598
11,2,0.666
11,6,0.951
11,7,0.527
12,2,0.869
12,7,0.893
13,0,0.548
13,3,0.689
13,5,0.704
14,0,0.568
14,2,0.855
14,3,0.765
14,4,0.859
14,6,0.688
14,7,0.739
15,0,0.997
15,1,0.704
15,2,0.734
15,4,0.94
15,5,0.751
16,0,0.888
16,2,0.75
16,3,0.55
16,4,0.853
16,5,0.899
16,6,0.895
16,7,0.609
17,0,0.613
17,2,0.657
17,4,0.93
17,6,0.61
18,2,0.719
18,4,0.617
18,5,0.662
18,6,0.738
19,1,0.925
19,4,0.664
19,6,0.655
19,7,0.802
20,1,0.581
20,2,0.689
20,4,0.866
20,7,0.51
21,0,0.961
21,1,0.984
21,2,0.614
22,0,0.781
22,3,0.994
22,7,0.854
23,6,0.988
23,7,0.702
24,5,0.919
