100,25,8
1,2,3,3,3,5,5,6,6,6,7,7,8,8,8,8,9,9,9,9,9,9,10,10,10
20,20,20,20,20,21,21,21
0,0,0.789
0,2,0.805
0,3,0.935
0,4,0.994
0,6,0.85
0,7,0.622
1,0,0.923
1,3,0.602
1,5,0.606
2,0,0.662
2,4,0.683
2,6,0.555
2,7,0.523
3,1,0.949
3,2,0.618
3,3,0.844
3,5,0.707
3,6,0.815
3,7,0.966
4,0,0.755
4,2,0.934
4,4,0.706
4,5,0.853
4,6,0.812
5,0,0.625
5,1,0.553
5,2,0.876
5,3,0.704
5,6,0.989
5,7,0.921
6,2,0.727
6,3,0.739
6,4,0.875
7,2,0.847
7,3,0.856
7,5,0.64
7,6,0.569
8,0,0.556
8,1,0.906
8,2,0.812
8,4,0.969
8,7,0.728
9,1,0.8
9,3,0.686
9,5,0.672
9,6,0.997
9,7,0.58
10,0,0.881
10,2,0.592
11,0,0.729
11,2,0.539
11,4,0.635
11,5,0.848
11,6,0.929
12,0,0.917
12,1,0.699
12,3,0.996
12,4,0.568
13,0,0.994
13,1,0.699
13,3,0.755
13,4,0.806
13,6,0.75
14,1,0.692
14,2,0.87
14,3,0.915
14,5,0.801
15,1,0.833
15,2,0.832
15,4,0.825
15,5,0.633
15,7,0.51
16,0,0.918
16,1,0.538
16,2,0.621
16,5,0.574
17,0,0.545
17,2,0.843
17,4,0.529
17,5,0.828
18,1,0.705
18,2,0.841
18,4,0.738
18,6,0.789
19,1,0.852
19,3,0.647
19,7,0.776
20,0,0.723
20,2,0.563
20,3,0.549
20,4,0.878
20,5,0.975
21,3,0.5
21,6,0.535
22,4,0.774
22,7,0.928
23,2,0.674
23,7,0.678
24,1,0.633
24,3,0.524
