100,25,8
2,2,2,2,5,5,5,6,6,6,6,6,7,7,7,8,8,8,8,9,9,9,9,10,10
20,20,20,20,20,20,20,20
0,0,0.941
0,1,0.77
0,3,0.879
0,4,0.767
0,5,0.563
1,3,0.501
2,0,0.984
2,3,0.507
2,7,0.947
3,0,0.676
3,1,0.678
3,5,0.697
4,0,0.796
4,5,0.836
4,6,0.963
4,7,0.966
5,2,0.996
5,6,0.661
6,0,0.74
6,1,0.838
6,4,0.606
6,6,0.592
6,7,0.949
7,0,0.646
7,2,0.603
7,3,0.847
7,4,0.536
7,7,0.71
8,0,0.903
8,1,0.791
8,2,0.978
8,3,0.532
8,4,0.74
9,1,0.586
9,3,0.703
9,4,0.73
9,5,0.511
9,6,0.792
9,7,0.715
10,1,0.889
10,4,0.925
10,6,0.881
11,2,0.556
11,3,0.793
11,6,0.554
12,0,0.647
12,2,0.796
12,3,0.816
12,7,0.744
13,2,0.792
13,4,0.7
13,6,0.613
14,2,0.566
14,3,0.89
14,4,0.667
14,6,0.507
14,7,0.588
15,0,0.95
15,1,0.659
15,2,0.996
15,6,0.523
15,7,0.612
16,2,0.749
16,6,0.573
17,2,0.546
17,5,0.975
17,6,0.58
17,7,0.978
18,3,0.79
18,7,0.812
19,0,0.881
19,1,0.929
19,2,0.822
19,3,0.629
19,5,0.855
19,6,0.848
20,0,0.931
20,1,0.648
20,3,0.875
20,4,0.708
20,7,0.554
21,1,0.561
21,2,0.739
21,3,0.95
21,5,0.763
22,1,0.744
22,2,0.581
22,4,0.952
22,5,0.949
22,6,0.889
22,7,0.841
23,0,0.528
23,2,0.977
23,4,0.711
24,0,0.948
24,1,0.733
24,2,0.839
24,3,0.99
24,4,0.775
24,6,0.75
