100,25,8
1,2,3,4,4,4,4,5,5,6,7,7,7,7,8,8,8,8,8,9,9,9,10,10,10
20,20,20,20,20,20,20,20
0,2,0.814
0,4,0.573
0,5,0.784
0,6,0.635
0,7,0.561
1,0,0.741
1,1,0.69
1,4,0.964
1,5,0.864
1,6,0.526
2,1,0.947
2,2,0.692
2,3,0.544
2,4,0.603
2,5,0.525
3,1,0.916
3,2,0.642
3,5,0.534
4,1,0.632
4,3,0.578
4,4,0.546
4,6,0.977
4,7,0.917
5,0,0.744
5,7,0.634
6,2,0.505
6,3,0.616
6,7,0.907
7,1,0.571
7,3,0.933
8,2,0.723
8,5,0.849
8,7,0.915
10,0,0.644
10,1,0.593
10,2,0.798
10,3,0.989
10,5,0.789
11,4,0.518
11,6,0.561
11,7,0.754
12,1,0.944
12,2,0.991
12,3,0.854
12,4,0.916
12,6,0.794
13,0,0.517
13,1,0.879
13,2,0.529
13,3,0.695
13,4,0.994
13,6,0.865
13,7,0.923
14,1,0.521
14,5,0.601
14,6,0.979
15,1,0.575
15,3,0.78
15,4,0.737
16,1,0.995
16,3,0.559
16,4,0.853
16,5,0.862
16,7,0.913
17,1,0.803
17,2,0.695
17,4,0.812
17,7,0.908
18,1,0.539
18,2,0.972
18,4,0.947
18,5,0.597
18,6,0.96
18,7,0.523
19,3,0.767
19,4,0.596
19,5,0.9
19,6,0.541
20,2,0.704
20,3,0.876
20,4,0.532
20,5,0.896
20,7,0.779
21,1,0.738
21,4,0.81
21,5,0.938
21,6,0.511
21,7,0.751
22,1,0.939
22,3,0.99
22,7,0.576
23,0,0.83
23,2,0.886
23,3,0.705
23,4,0.964
23,5,0.643
23,6,0.905
24,4,0.677
24,5,0.509
24,7,0.953
