100,25,8
1,1,2,3,4,4,5,6,6,6,6,6,7,7,8,8,8,9,9,9,9,9,10,10,10
20,20,20,20,20,20,20,20
0,7,0.849
1,0,0.861
1,3,0.971
1,6,0.909
2,1,0.857
2,2,0.944
2,4,0.578
2,7,0.75
3,0,0.621
3,3,0.919
3,5,0.83
4,0,0.615
4,1,0.719
4,5,0.775
5,1,0.693
5,4,0.676
5,5,0.77
6,0,0.54
6,2,0.826
6,3,0.739
6,4,0.854
7,0,0.981
7,1,0.708
7,3,0.997
7,4,0.729
7,5,0.935
7,6,0.818
8,0,0.551
8,1,0.832
8,2,0.893
8,6,0.82
9,1,0.777
9,2,0.953
9,3,0.796
9,4,0.585
9,7,0.738
10,0,0.51
10,4,0.525
10,6,0.967
10,7,0.866
11,3,0.682
11,5,0.687
11,6,0.795
12,0,0.64
12,1,0.584
12,2,0.847
12,4,0.924
12,5,0.618
12,7,0.855
13,2,0.613
13,4,0.766
13,5,0.965
13,7,0.586
14,1,0.987
14,3,0.944
14,5,0.893
14,7,0.983
15,1,0.71
15,3,0.619
15,4,0.593
15,5,0.641
15,6,0.93
15,7,0.735
16,0,0.585
16,1,0.597
16,2,0.719
16,4,0.823
17,2,0.959
17,3,0.787
17,4,0.93
17,5,0.722
17,6,0.697
17,7,0.632
18,3,0.808
18,4,0.554
18,5,0.955
18,6,0.636
18,7,0.913
19,5,0.598
19,7,0.923
20,0,0.563
20,1,0.633
20,3,0.561
20,4,0.647
20,5,0.729
20,7,0.564
21,2,0.776
21,3,0.946
21,4,0.686
22,7,0.558
23,0,0.602
23,1,0.765
23,4,0.61
23,5,0.992
23,7,0.955
24,0,0.84
24,2,0.892
24,3,0.81
24,5,0.803
24,7,0.555
